-0.09459287109374796
0.12461381908219575
0.0006156463367452589
0.09092721119295571
0.006581113987947837
0.0007544147158203148
4.956033545946065e-06
60.793752022663895
7056.97112810956
4208.635096691486
70.7175177952071
0.6991264439068539
+1
-0.09388012695312256
0.11749315326627928
0.00046357934543771835
0.08929192556664584
0.004991406548741221
0.0007816571650390602
4.199429703659788e-06
74.61985300226993
8058.839700358866
4667.096953020888
86.12733777628844
0.6939110465317907
+1
-0.0938165039062482
0.13045528223902134
0.0007538429365436903
0.09222141191481624
0.008217445501327447
0.0008150776035156307
5.349272750731746e-06
54.20967170788972
7604.6948029444675
4606.792875639069
83.09624579322576
0.7165613115297633
+1
-0.09375151367187323
0.12164211343020062
0.0005221634454654374
0.08924687643001875
0.006007750791204525
0.0007664145966796907
4.633570747928134e-06
65.3162957872932
7995.216946890686
4800.357534070003
86.68681197824904
0.7168466733877438
+1
-0.09081186523437362
0.12888705027470987
0.0007106616805937375
0.09162822031083219
0.008365485332132973
0.0010111639062500063
4.4802102726711905e-06
61.20575105608713
7507.373194801805
4802.822584623231
88.78227036282162
0.7399913263264428
+1
-0.0908806152343738
0.13182112106557356
0.0008410586178186451
0.0933937112596005
0.009117966946836007
0.0011407715136718746
4.225382706414817e-06
66.35207091833873
8128.228661112185
5077.122505814588
104.92957273513298
0.7322878706805295
+1
-0.09096874999999725
0.10902048975995397
0.00029345202385351924
0.08556725774632581
0.0036103299965818563
0.000639398392578123
3.848220732821908e-06
77.36863112603267
7700.230222884131
4444.485681969364
72.21095817782397
0.6860657338777376
+1
-0.0942352050781229
0.1152674244979512
0.0004060695938283611
0.08955362951833623
0.004406520436405034
0.0007799284814453151
4.002544959505049e-06
80.77095856656132
7770.5784811059775
4706.655961383612
82.01625812665797
0.7139406845654898
+1
-0.09490263671874873
0.12381119580648413
0.0006025284182902807
0.09078473240912437
0.006323010491607214
0.0007467727011718726
4.9009200291355664e-06
62.57871534809058
7079.834253382637
4214.194953786868
70.85649445356465
0.6988843416674378
+1
-0.09389111328124823
0.11683251358448554
0.00043432244736004235
0.0890105672816814
0.004834531138367055
0.0007727444140625009
4.166003031048349e-06
75.62006827202997
8012.379349187025
4608.18285713052
85.12990211368685
0.6905524896651135
+1
-0.09561953124999881
0.1314899076004751
0.0007733494086437809
0.09324784668263333
0.008146898842106592
0.0008116368105468791
5.467088495985037e-06
55.80462438753015
7584.095970285773
4594.462243034103
82.78657873351686
0.7168016352630575
+1
-0.09507626953124768
0.12218175577930077
0.000520927862315
0.09036550581468437
0.005889171974558744
0.0007594904433593704
4.706268898755526e-06
66.66239256699521
7980.0648872241745
4782.332442124112
85.99196560464574
0.7155647534421826
+1
-0.09149619140624801
0.12956208695062052
0.0007364279345198615
0.09204138997425634
0.008415192231209017
0.0010078561230468732
4.5618298625605675e-06
61.050411946324374
7502.693902175076
4795.749461453062
88.47065978033594
0.7392869773725215
+1
-0.09235102539062344
0.13204902043873062
0.0008297580803464892
0.09363857169149457
0.008908666901629437
0.0011180445820312506
4.3515747216462125e-06
66.68315376333298
8128.217131603335
5062.009373189341
103.8608976384707
0.73066856069362
+1
-0.09125996093749754
0.10889950615777119
0.00029206073191221195
0.08609770712676847
0.0035308943780442336
0.0006260543691406244
3.871250742585258e-06
77.46890537132595
7713.436883355449
4439.040245212947
71.68500091812761
0.6849470291736018
+1
-0.08794619140624811
0.10920789422086893
0.00034511885207177755
0.08376006509544705
0.004192036266562457
0.0007528014892578144
3.5514435723050255e-06
78.55432314680422
7781.413444786044
4667.160118496175
80.7643108530845
0.7091123685840062
+1
-0.0961868164062482
0.1252463708774392
0.0006161267535389046
0.09205608855370277
0.006435063979707228
0.0007422706874999974
5.05389619120404e-06
62.261430701433454
7092.210708823155
4223.904459936171
70.65503228675603
0.6988648066497557
+1
-0.09586274414062299
0.11838443959030122
0.00044677911838938284
0.09067089593995564
0.004825445440391564
0.000759585212890622
4.3494969128202195e-06
75.5090196996416
8020.022432068962
4581.012601186344
84.64845272818553
0.687695816924391
+1
-0.09621254882812351
0.13190562607202627
0.0007766764553109216
0.09354061320465132
0.008142637227157171
0.0008089691210937521
5.518775638858421e-06
56.001817190607184
7608.46072264316
4615.489908620673
82.66684306030452
0.7168839245391251
+1
-0.09657260742187265
0.12357231897791034
0.0005368233519617301
0.09114633130420498
0.005944139754516989
0.0007587478271484356
4.842652326053006e-06
67.00778678358097
7980.8883779596335
4798.310006733625
86.07199679208648
0.7174713047280661
+1
-0.0939164550781234
0.1313388774598827
0.0007493436922561354
0.09423812362653738
0.008430011819651103
0.0010112179013671858
4.730475398621871e-06
62.48894808446532
7535.787980374636
4822.976014576876
88.9442304114671
0.7398482558469646
+1
-0.09445976562499872
0.13330036058770645
0.0008405355587169349
0.09512415983787814
0.008846770782112497
0.001117175647460931
4.4865099929348965e-06
68.19417829016126
8130.646344830522
5061.2565704143635
103.78855816986203
0.7303098131702148
+1
-0.09259687499999804
0.11031920615239242
0.00030850844511201374
0.08697040207568472
0.0035963215879683927
0.0006295938593750026
3.984039570744747e-06
77.5366685483302
7723.934043239495
4433.926000583655
71.83530605700795
0.6833142100590351
+1
-0.09310620117187303
0.11369593903361094
0.0003720523421569804
0.08843775051098896
0.004258209776476059
0.0007584631591796878
3.926621775472032e-06
80.20559419808681
7770.407043979093
4657.369818411382
81.02085928444839
0.7089351297076351
+1
-0.09561274414062311
0.12519746063874812
0.0006130120776603534
0.0918307680591043
0.006532926298832101
0.0007619090654296878
4.990897632961469e-06
61.91353711579709
7081.091059564585
4206.247277881719
71.4841342932463
0.6975715387432811
+1
-0.09530654296874788
0.11900456965031389
0.00046797147836472275
0.0903988509615067
0.00507899846297404
0.0007875936601562498
4.320962957188485e-06
74.8003760009537
8033.746901953611
4626.744771874298
86.11613689285336
0.6910631321996076
+1
-0.09577695312499895
0.13161419968450946
0.0007742595526070646
0.09294938821357412
0.008149470732060887
0.0008245066093750021
5.43811921806162e-06
55.79927004804153
7612.834065460614
4614.200354955864
83.8395678912632
0.7172632047963295
+1
-0.09597460937499787
0.12275035959723396
0.0005310548515542626
0.09069193800460086
0.005856811113671714
0.0007696688779296871
4.730347672018881e-06
67.62767045871087
7988.800480711879
4807.743350529019
86.94461263258425
0.7183791160410483
+1
-0.09299296874999882
0.13108278894879374
0.0007621907046568715
0.09350853531380089
0.008535422090311983
0.001024724740234378
4.649451186950362e-06
62.129708456134814
7515.085015420616
4816.74479612967
89.47370733057414
0.7410387084837701
+1
-0.09292187499999836
0.13396910791298172
0.0008779746215071837
0.09491495787995177
0.009313701792079696
0.0011476555615234337
4.417948946278426e-06
66.35853845822557
8117.56448979103
5076.666842763891
104.86487864596975
0.7324801301497675
+1
-0.09348476562499747
0.11103715286518528
0.00031468450047412533
0.08762268477427533
0.003590023206546984
0.0006348852148437481
4.03345479665115e-06
78.22195954610088
7721.319485310527
4441.660610616343
72.30112132433118
0.6848460230734128
+1
-0.09324399414062327
0.11441291870587486
0.00038721981076635955
0.08851314997963916
0.004396088176242918
0.0007702011318359343
3.955261927445356e-06
79.69338946028651
7797.581271452357
4689.81082819685
81.82366226029728
0.7104235291941214
+1
-0.09513305664062345
0.12561814016563091
0.0006461240608291971
0.0914765194746958
0.0067299472835907915
0.0007709075068359358
5.004607320884147e-06
60.679577559562496
7081.8076078168615
4187.702279189189
71.90523609368871
0.6952729669867137
+1
-0.09549497070312316
0.11968849195901071
0.0004675778936858636
0.09091870454957603
0.005206299891692982
0.0007917877587890624
4.371764927077931e-06
73.94526775211416
8022.7282986120745
4594.531685954974
86.29944962464876
0.688557293331097
+1
-0.09595180664062383
0.1307788151281705
0.0007490558739703015
0.09330159325286884
0.007896734871485426
0.000808209068359375
5.405158501046823e-06
56.45116564396394
7623.137367861692
4633.665127182222
83.09055742787287
0.7186587845425523
+1
-0.09522880859374813
0.12186588788051579
0.0005160567440422496
0.09010693010746411
0.005783051018259218
0.0007574545439453094
4.6824657065078e-06
67.08203347595324
7982.9994686139535
4803.294459604772
86.01259135910358
0.717839572350115
+1
-0.09375610351562393
0.1313073890530233
0.0007526941176942196
0.0938417157085196
0.008451836160801914
0.0010176600078124953
4.701320662654159e-06
62.62499957926384
7525.394036290353
4816.218789089251
89.15707186279765
0.7399470612685946
+1
-0.09343769531249851
0.13328064588081193
0.0008409538551215279
0.0942079080304862
0.009033568753318642
0.0011331020273437466
4.412996684910335e-06
67.62295550571727
8085.145980573285
5031.8003092340805
103.9474768589171
0.7302032388339381
+1
-0.09290170898437271
0.1101903056842894
0.0002983110364429239
0.0873181571680542
0.0035113473870883424
0.0006301320751953146
3.97192267740585e-06
78.55329837462627
7742.890398051774
4476.521205244903
72.2265429157005
0.6872705178780363
+1
-0.09306953124999785
0.11425756223263309
0.000389189815062205
0.08845271772451353
0.004393067385492394
0.0007733486777343753
3.9318503432596185e-06
79.94947087394453
7781.643681973542
4641.888910679268
82.03652432318559
0.7067861056835397
+1
-0.09588237304687351
0.1259881061087099
0.0006470126447717718
0.09198971254532039
0.006679899586731503
0.0007699456142578096
5.043882300611097e-06
61.409174188741204
7060.761532017442
4189.143590783184
71.61550104800287
0.6968626160007203
+1
-0.09521850585937328
0.11928294573231489
0.00047864929736134474
0.0903652718600476
0.005162109340606479
0.0007951364355468785
4.323525989503587e-06
74.54059705273484
8035.322835076617
4636.29916428206
86.51043422119916
0.691877213189775
+1
-0.09453183593749849
0.1304317784442319
0.0007368133416751371
0.09306839974493536
0.00807657518643302
0.0008188307285156255
5.334947262570394e-06
55.31477164320559
7596.593104327199
4594.881071160983
83.17673087285512
0.7157282224864622
+1
-0.09484746093749813
0.12171570960580244
0.0005073206637037713
0.08949528953680615
0.005818957247324892
0.0007641554101562544
4.647394986850977e-06
67.07355453473646
7971.9774710731435
4777.986416218488
86.3101534897091
0.7159694258368487
+1
-0.09273471679687323
0.13171370523405937
0.0007842581621477374
0.09383831354563082
0.008749199654102455
0.001031095992187499
4.688266548768213e-06
60.83262856275439
7534.648544796908
4824.472899160114
90.09602639742235
0.7407169528010062
+1
-0.09330078124999867
0.1340843149500531
0.0008479641432839401
0.09547154671665434
0.009274020566799811
0.0011363032792968768
4.481934834595401e-06
65.793191836118
8132.3533622894
5105.236726753831
104.50430741568815
0.7344514532064772
+1
-0.10476884765624775
0.1200462972213751
0.0003896164863703177
0.09855826993743223
0.003434769750710606
0.0006293282949218766
4.863489358787999e-06
83.19318287142849
7697.394842738463
4410.10623406274
71.88517945319553
0.68325592936672
+1
-0.09304150390624757
0.11372880640475524
0.00037322003815234246
0.08825408168887634
0.004277728830591482
0.000765755675781247
3.907780459066079e-06
80.59539678299147
7717.854840165959
4646.882129084892
80.83775055761019
0.7111856567079946
+1
-0.09557329101562351
0.12548345473451694
0.0006200663630129817
0.09184797675733554
0.006612166316235504
0.0007619562832031267
5.018719879960906e-06
61.828428908642145
7065.334981096736
4211.3227091194485
71.40194996508151
0.6995123810623246
+1
-0.0948381835937477
0.11834274202435939
0.00044476160754694966
0.08986613267849052
0.005010968198663545
0.0007781773583984376
4.288645105020171e-06
74.70543329314597
7994.33037756321
4614.434022685585
85.01691474480448
0.6917437638558128
+1
-0.09535371093749889
0.13157663299979416
0.0007659467430583287
0.09338552477369381
0.008220481552710938
0.0008084393593749982
5.486137393485491e-06
55.28669991797944
7590.515067513124
4607.232944996013
82.54667000785885
0.7174284656592017
+1
-0.09509804687499812
0.12223013362672343
0.0005204083869900955
0.09016263591087259
0.005896854979338917
0.0007528560078125039
4.730769585294715e-06
66.39828555262183
7995.197442235434
4823.955593200487
85.63737892913569
0.7186301021801356
+1
-0.09315249023437341
0.13103284248823607
0.0007465758153473521
0.09388170750828109
0.008492634053078396
0.0010085448007812524
4.709375049089408e-06
61.44575771001301
7524.202986227999
4833.476733517431
88.56377521451893
0.7416447153120584
+1
-0.09294316406249878
0.1330025276574906
0.0008211978978340218
0.09486721268977685
0.009051682594021716
0.001124562288085933
4.4220566413512605e-06
66.39684003244672
8101.057031661909
5061.869907086943
103.63969992672656
0.7320975775927208
+1
-0.01854926757812482
0.06614774353376957
6.742835075854335e-05
0.04313039308348368
0.004031645504615103
0.0006224176376953108
9.387727205868958e-07
9.176468577048276
7672.09063101014
4397.371390178978
71.13148280813277
0.6830990561234525
+1
-0.09225097656249755
0.11268439142273813
0.00036739586055312487
0.08719059811909757
0.004187733872770444
0.0007530759199218765
3.8528694204379605e-06
80.26217389263248
7724.7003568561695
4587.248186909191
80.20389296110174
0.7041285176417732
+1
-0.0959518066406231
0.12507391310834784
0.0006047331044110259
0.09154881000074648
0.006437048851660343
0.0007518821738281283
5.008580959046532e-06
62.63049774054633
7116.726899843432
4250.503991596089
71.42791423138199
0.7004924078133508
+1
-0.09519316406249813
0.11872070732461375
0.0004571576907227355
0.09020814594914485
0.005033113620927278
0.0007778087968750002
4.325159289215121e-06
74.58867330672715
7986.61228815174
4578.272317878183
85.12979260340934
0.6889697243536899
+1
-0.09499633789062342
0.13001018946695947
0.0007214190521286022
0.09261639915615447
0.007878729856210676
0.0008009553115234328
5.349485595144254e-06
56.55049058258231
7633.6118264215
4632.470568120043
82.82356603723328
0.7178040395482587
+1
-0.09525029296874737
0.12213844003898373
0.0005202990342225195
0.09036599065635073
0.005845465647650843
0.0007596936113281238
4.7014133590847984e-06
67.22322570470101
7975.198716558817
4806.267413951984
85.85953164598683
0.7181603756730305
+1
-0.09328637695312283
0.13077409347952212
0.0007604200560540851
0.0934603387362251
0.00839992555296506
0.0010090719433593753
4.681073223191749e-06
62.1908007328339
7549.867626451032
4856.245588623744
89.04921524768736
0.7426991421533838
+1
-0.09305820312499877
0.13356827425222986
0.0008832110428260362
0.09479889520489465
0.009181103013910612
0.0011430045595703189
4.397677821459627e-06
67.13318420637266
8144.621423083302
5095.625011416136
105.13264235050967
0.732942615612904
+1
-0.09992758789062242
0.11574464017187083
0.00034721098168188794
0.09406378599020797
0.0034114654823399412
0.0006213693583984368
4.4855913752772005e-06
81.56738795098872
7714.329485514045
4421.023696187711
71.62455730603136
0.6834963298688684
+1
-0.09289189453124748
0.11333266117869102
0.0003738343647932615
0.08817490558775719
0.0042155938597828345
0.0007561494472656282
3.901166723102296e-06
80.43645619447643
7748.0511306727185
4626.491183466133
80.74843196557828
0.7072400406991509
+1
-0.09588208007812356
0.1253955992004039
0.0006169059486056534
0.0922119117191746
0.0065310019152981244
0.0007630280468750018
5.006661618348985e-06
62.3128137808702
7094.009399452326
4196.661881417098
71.86178867966748
0.6960239058802667
+1
-0.09511757812499735
0.11917781571170344
0.0004670710104134518
0.09053318070669318
0.005156249859459773
0.0007925354775390626
4.321666971043418e-06
74.37026613009814
7968.453534069489
4553.0537001788425
85.62685352557463
0.6871524579446046
+1
-0.09669785156249842
0.13122485659463026
0.0007396852692332338
0.09358225408881898
0.007869872762609214
0.0008041114062500002
5.4643578581364e-06
57.05164037985203
7599.547357582794
4577.099401655365
82.60442294936595
0.7139185276528256
+1
-0.09609072265624766
0.12252054116682938
0.000522879725872424
0.09044632920060698
0.005778138162864618
0.0007548525566406278
4.752821592369806e-06
67.6028631785115
7976.890890247323
4751.24094640877
85.75583219501478
0.7126555429788958
+1
-0.09410791015624875
0.13096023929935352
0.000739047884764096
0.09423354094171577
0.008294690537553745
0.0010102334921874999
4.6959391879819926e-06
63.45838324744795
7493.707846393597
4810.889993755847
88.28200983383164
0.7413053988968666
+1
-0.0932111816406234
0.13209776634389755
0.0008084382410840738
0.0940984742037858
0.008761923318492479
0.0011208715644531243
4.3440829287617905e-06
68.72675744577609
8080.676103763728
5004.115197909935
103.37663258498928
0.7276731446049398
+1
-0.05690332031249953
0.0829068760577582
0.00013548291997256544
0.05794660680044549
0.0036357397614248917
0.0006175598837890604
1.9361400529191235e-06
53.58895400091926
7701.328709652629
4446.514517312899
70.91796234424612
0.6860508966980584
+1
-0.09278549804687262
0.11284862280915174
0.00035975769180619956
0.08802835382482989
0.004125864480341785
0.0007500280615234357
3.876902975145814e-06
80.9398920181771
7754.759487184162
4647.815394697457
80.37948060536284
0.7088472168589995
+1
-0.09476796874999868
0.12482766323140368
0.0006046323803190926
0.09122347669488212
0.006601299935909913
0.0007606760654296844
4.958193428870156e-06
60.910628923552245
7077.406175960194
4171.209279553425
71.70446649968632
0.6944766852064558
+1
-0.09482817382812243
0.11872403272828076
0.00046018355908088605
0.09009634674144344
0.005103262578431485
0.0007843743085937519
4.3048270746402676e-06
74.1348987258247
8009.456226460336
4595.570656628499
85.80031091945582
0.6895731870612288
+1
-0.09494877929687351
0.12981735535726074
0.0007113029727251829
0.09209777534686238
0.007837657760119432
0.0008075870380859359
5.309086664354141e-06
56.29018957721457
7620.83304306327
4579.429971481866
83.32467118662045
0.713528666253053
+1
-0.09515668945312344
0.12163743091503387
0.000501389374708315
0.08982061879195047
0.005741149381490602
0.000766491185546872
4.633279141650341e-06
67.9782764255207
7964.717681354144
4753.791742672007
86.47145161314626
0.7141544559941552
+1
-0.09329409179687416
0.1310096320185684
0.0007534411187283083
0.09357707000052928
0.008460149210660378
0.0010169916796875008
4.673424956645181e-06
62.22703245806228
7527.701890388649
4811.7265898308115
89.35105933839591
0.7396716843235911
+1
-0.0927996093749988
0.13321766801108847
0.0008499005703573676
0.09457897822715304
0.009135625645630871
0.0011369006435546889
4.388361967352078e-06
66.77717535661918
8137.852098443281
5065.714022553148
104.96328755089904
0.7306304771183406
+1
-0.07950073242187368
0.09949581664219449
0.0002281626769452708
0.07531148879603763
0.00357922584056902
0.0006302773457031225
3.092207334754441e-06
71.67408200852626
7702.18325285338
4432.829890098834
71.62117810089354
0.684415050664023
+1
-0.092462451171873
0.11358674905351888
0.0003731456279831559
0.08807554748166224
0.004352857225692076
0.000770330405273439
3.880873115754813e-06
79.92365421347378
7765.438252181969
4637.827003269383
81.69851232975857
0.7073773360974757
+1
-0.11769062499999954
0.16705045288353548
0.0020612845990316195
0.11904690036252709
0.0140554568973093
0.001116550167968747
8.45936102166738e-06
52.034540203244994
6903.922282689446
4032.8185969338347
83.37961683477279
0.6869097817719857
-1
-0.11614477539062418
0.15257181150532248
0.0012775125574733064
0.1124070613538436
0.009789026795300826
0.0010910927353515636
6.762008389633191e-06
68.95513801927302
7820.255617591524
4463.917499903579
97.07205083994774
0.6834074952695777
-1
-0.11732998046874943
0.1812335415480036
0.002943011535484573
0.12679433743590682
0.019080203915815806
0.001171526310546875
1.014003837877397e-05
39.905239782671515
7257.224209147712
4164.495884280372
92.31792994812692
0.6836820110729807
-1
-0.11711079101562394
0.16575886792242012
0.001969872941875407
0.1194817519656711
0.01376173688242526
0.0010661189306640571
8.509080351202924e-06
50.702953618041136
7660.554875584038
4280.033812392996
94.82313077344321
0.675183477179467
-1
-0.11316518554687469
0.2598346887513574
0.022813797825410174
0.1647026650947821
0.054710377663816485
0.0025501269580078152
1.3479624575258922e-05
22.791669738532203
7321.396095081743
4671.072643437118
133.79636356430441
0.7334902236267977
-1
-0.11295288085937401
0.2750724452693932
0.027355959141356433
0.17578998829522702
0.06290956860833144
0.0028191261406249994
1.378559627346717e-05
21.850868665644057
7777.295528270816
4625.133139874861
154.14599436788126
0.7021465440478932
-1
-0.11431337890624944
0.19598123689487457
0.004696912182402769
0.13276781283571
0.02534233403653365
0.001532686710937504
1.0374075177037829e-05
34.89831538128437
7434.73841487395
4360.067961162038
102.19264802267216
0.6835110432567421
-1
-0.11526918945312507
0.18711764047506022
0.0037487216194801573
0.128080330677371
0.02172708623265456
0.0016645085878906278
8.21045171257492e-06
50.0267734326289
7683.651916245778
4485.54175783114
115.7567530177256
0.6907611819284755
-1
-0.11716074218749879
0.16798115855329343
0.0021714356035378783
0.1190766247935945
0.01449173772336186
0.0011358489990234387
8.494953611990597e-06
50.991915012685276
6908.82818323786
4051.8699512279186
83.86254139054692
0.6882407690603726
-1
-0.11725263671874964
0.15377487508377696
0.0013309267333620335
0.11379593130440266
0.009899014739861501
0.0011010025874023442
6.863767973660494e-06
69.3466980602933
7776.915724228399
4436.631328090234
96.78895771968705
0.6827451383761942
-1
-0.11781005859375011
0.1831835750496457
0.0031929733511829816
0.12667733557700198
0.01967797310063578
0.0012007306916992173
1.0280444858821267e-05
39.455410381192756
7202.112834401392
4140.532686108787
92.5146231955049
0.684059763118744
-1
-0.11725561523437344
0.16565558016630438
0.0018710812320898574
0.12029936751379156
0.013693560567129672
0.001102114735351561
8.341026915773001e-06
52.21639832491957
7643.270459237736
4228.055186234757
95.9343552787979
0.6700328597454741
-1
-0.11574106445312464
0.28040430675033967
0.03296033539517556
0.17604124633702234
0.06523376648590277
0.0027334638642578157
1.589357059644461e-05
19.207198851839163
7285.625384484196
4678.710931932707
136.4419809402481
0.7353276011181018
-1
-0.11367446289062484
0.28208175162460913
0.02882510844084023
0.18056572719096492
0.0666514855532063
0.0028979073974609334
1.441563169021864e-05
20.772155126134884
7778.190763394744
4656.188374645727
155.45000038785284
0.7043974920429276
-1
-0.11511240234375004
0.2020248026813503
0.005279705064270631
0.13623645632432108
0.027564501648020816
0.001596717009765621
1.091621980084116e-05
32.9452579122115
7411.033392936434
4347.804427904825
103.42354689044552
0.6827500020619253
-1
-0.1156259765624994
0.19118055673482717
0.004007206361763068
0.13065566896704747
0.02318177073980473
0.0017314278046874916
8.360197677065172e-06
49.073995105952925
7702.164654548905
4513.144595376965
117.78320915489559
0.691671758107902
-1
-0.1171473632812495
0.1688879141296468
0.0022613767221446113
0.11947917428029328
0.014800345488432749
0.0011585063164062542
8.511187035851884e-06
50.57705977952804
6889.635311027829
4012.712128104567
84.76735647077453
0.6854843239164646
-1
-0.11728081054687342
0.15492877380000186
0.0013736141112533008
0.11392263344288836
0.010248636850361524
0.0011218181406249966
6.91099216333863e-06
68.62206575029418
7798.287216671529
4431.10382998905
98.01614745928671
0.6809489868391214
-1
-0.1179611328124988
0.18568626067198538
0.003411563281410517
0.12780179004201914
0.020565562725803357
0.00123881883691406
1.0457009544114024e-05
38.40797657626509
7230.503134105493
4134.0602110595355
94.43105708277075
0.6816052039615382
-1
-0.11705053710937423
0.1660535927172222
0.0019314393821267956
0.11946409311906672
0.013873644840768227
0.001128740439453131
8.275121579461045e-06
52.416349518908845
7645.402426247479
4229.221447772121
97.05382933427784
0.6699007262866229
-1
-0.11645937499999895
0.2766132981243252
0.030950893339049095
0.17543863079572977
0.06295520465843184
0.0026696885048828277
1.5756956876300343e-05
19.72533056409343
7273.763027146974
4668.157357809015
135.1202891852883
0.7356230596025751
-1
-0.11680507812500032
0.2830206999524261
0.03009501353576167
0.18014358815061954
0.06646053546910789
0.0029084776630859343
1.450398345405551e-05
22.21294090226329
7729.519640352778
4636.212864837112
154.1536575661593
0.7046419904215798
-1
-0.11517099609374906
0.2059457320054277
0.005727068750694237
0.13850464192095108
0.029150709564514286
0.0016278953300781222
1.134145124749772e-05
31.19590047879522
7369.016297598978
4318.224254572723
103.4064832397076
0.681436137705147
-1
-0.11397851562499992
0.19145242861315642
0.003991655154192991
0.13119369467220876
0.02366408587073958
0.001734371905273439
8.379638988257018e-06
46.88130089673841
7635.266584582367
4478.9236478361745
116.66577028065576
0.6919011007310649
-1
-0.11814985351562454
0.16924593315253528
0.0022170180306166384
0.12013194475544567
0.014685515069073419
0.0011276959462890553
8.698570209808575e-06
50.66701927448807
6893.385848266869
4054.5247140068236
83.43022218437545
0.6898153679500825
-1
-0.11800410156249916
0.15513390322456116
0.0013694850104742444
0.11432836971573226
0.010142055161651344
0.0011074686718749974
6.999745096162292e-06
68.7023587726748
7837.4180152991485
4502.242044216277
97.76688330881295
0.6859357640791728
-1
-0.11809882812499924
0.18557148192096923
0.0034088745634300575
0.1281948655665361
0.020490442207718822
0.0011713634951171854
1.0762791823246582e-05
37.65891070945767
7263.43315635976
4191.344829400896
92.30095855345704
0.6861801284535769
-1
-0.11755263671874908
0.16559192181478188
0.001849935843551621
0.1205672911097308
0.013602726366405358
0.0010621034931640604
8.504852459882049e-06
51.311374913306615
7650.931153568846
4270.434419609719
94.53520279925908
0.674748739515687
-1
-0.11486372070312496
0.2771585528677275
0.029103383512998703
0.17580126300015056
0.06362629584669684
0.0026532264726562573
1.6046962318973136e-05
18.716173369526565
7279.880557869701
4667.915669656409
134.9448347059747
0.7352912858474808
-1
-0.11457866210937481
0.2812086609376153
0.028341977018623392
0.17904791511205054
0.0659532615496517
0.0028737452929687582
1.4501634182955168e-05
21.215687351371024
7766.848773097505
4664.91476301112
154.8998971127641
0.7065067696043762
-1
-0.11436674804687379
0.20460934493127172
0.005433834941064603
0.1380477242332614
0.028786636571875232
0.0015830809472656242
1.1411944407319525e-05
30.528036502857677
7421.145716434541
4388.195752465812
103.12862620097418
0.6867562568150768
-1
-0.11375888671874905
0.19120603303848333
0.004147348181924778
0.1303947055359358
0.023619816074156072
0.0017231035683593656
8.419280804901606e-06
46.393551857045296
7687.3469605621485
4535.49298623567
117.42173248368064
0.6953401542136227
-1
-0.11715048828124885
0.16906392299539874
0.00227673696965623
0.11932261303945516
0.014859098695987203
0.0011490484638671914
8.577738623351768e-06
50.061883419449146
6898.742492766665
4041.6072427564172
84.3438738461477
0.6879695643382677
-1
-0.11737963867187454
0.154963284304451
0.001390299826728495
0.11378271751428355
0.010236139719191507
0.001122241541992188
6.913447443451989e-06
68.74942339107649
7791.95157754191
4444.427838464946
97.82189654483692
0.6824823197338782
-1
-0.11765805664062419
0.18683754889672244
0.003534916159158571
0.1281984149917473
0.02106587999270775
0.0012084387597656235
1.0772117216010745e-05
36.649974175057636
7213.647358811629
4127.584812184504
92.89218425989466
0.6816338313354531
-1
-0.11703330078125003
0.16667960499910192
0.0019275947181124752
0.12087647080090856
0.014085985023138731
0.0011114522900390633
8.433477587737516e-06
50.997961993736105
7624.332537692049
4197.754427437009
95.87713182174073
0.6673891692547409
-1
-0.11414838867187453
0.27978249460448285
0.03330563320015909
0.17487485702996738
0.06525157576282044
0.00273367590234375
1.5754589472792974e-05
18.663465255922873
7271.7907780333535
4650.790206556405
136.8989587190039
0.7339578068274789
-1
-0.1124417968749988
0.28619907042154097
0.030946649600729136
0.18240224018453766
0.06927013255636974
0.0029654365703124987
1.4536119077512329e-05
19.874449064263718
7759.59249524817
4644.716983338839
156.6743745861277
0.7041106083882301
-1
-0.1145352539062505
0.2050432359608154
0.005564875736031037
0.1384593546990698
0.02892581661930169
0.0016062071191406218
1.1335991232998652e-05
30.82486622481217
7395.445419390171
4337.076925803658
103.20637656495919
0.6820386634422303
-1
-0.11354331054687386
0.1913041290076918
0.004086470011097715
0.13075879411015287
0.023706343941772227
0.0017300917763671876
8.386743438702244e-06
46.307400439004674
7673.846193299053
4504.419042475845
117.18574493127667
0.6923425703877454
-1
-0.11714111328125017
0.16785906447774576
0.0021287689379138565
0.11896240623499857
0.01445533093327854
0.0011234245566406262
8.53441216473788e-06
50.48409650212086
6893.941741946769
4028.5144478533475
83.46898674220499
0.6869932944847958
-1
-0.11702622070312399
0.1537401783257736
0.0013310048197545678
0.11351053109249447
0.009941391519091727
0.0010958495507812488
6.881509200909412e-06
68.63453167824983
7821.82558746497
4472.850380196954
97.22320231912194
0.6840968244942506
-1
-0.11820732421874977
0.1868754786783193
0.0034806757000887243
0.1288439652412996
0.020950496005731005
0.0012006302363281277
1.0814785916184901e-05
36.97983738734527
7233.827850462513
4127.234717910134
92.99268198412248
0.6805626517326138
-1
-0.11758701171874916
0.16485938669912872
0.00179969401708853
0.11994540559553613
0.013352564038532857
0.0010837231044921827
8.318101595507246e-06
52.78635827968911
7624.051867299112
4203.172897858813
94.75654800992166
0.668186899805841
-1
-0.11337045898437403
0.27427408442773343
0.02667247713015427
0.17518733026230562
0.06237645814383981
0.002631598397460937
1.565123437400996e-05
18.559481823006738
7267.95443741292
4653.6400861343745
133.87262402317148
0.7341010139475611
-1
-0.11304697265624937
0.27994615239753856
0.028007064108652325
0.18039080712048675
0.06559343301979106
0.00287933958496093
1.4159910929026477e-05
21.038084413107892
7733.559040643807
4622.561744458066
154.14902442265236
0.7037489864099089
-1
-0.11439306640624931
0.20795637641627857
0.006309477531478769
0.13845373894558916
0.030161553582471693
0.001599648081054686
1.1847621928481505e-05
28.904426999065652
7346.954051410289
4338.964798486094
101.90985294404756
0.6848830413013476
-1
-0.11460009765624915
0.19051572149489263
0.003979951532608694
0.1300124771665395
0.023164188817804077
0.0016906061884765723
8.538407049525658e-06
46.45244676101963
7646.281563545607
4545.736202054317
114.97821582935137
0.6979841497416893
-1
-0.11759936523437498
0.1678664911109146
0.0021519846299356757
0.11842686666192656
0.014350248830106884
0.0011176439628906207
8.561278414038656e-06
50.95583337440633
6898.9153896012085
4042.2186567202452
83.34846717678312
0.6884034748181935
-1
-0.11736489257812428
0.1539434046205685
0.001328800921598226
0.11296414168687995
0.009924538412899177
0.0010973712441406304
6.8997398998560405e-06
69.0207636806994
7797.889914449501
4457.242566614834
96.98956432082117
0.6838837610095139
-1
-0.11770014648437384
0.18728701901155678
0.003576369900573418
0.12906038342422005
0.021224139342719304
0.0011882278154296934
1.0933424792060058e-05
36.20652985829748
7227.595202363725
4145.837034834828
92.30295542925707
0.6828549868894431
-1
-0.11785390624999972
0.1666100544802345
0.001905904374361496
0.12123699741045811
0.013870044283778325
0.0010838722089843813
8.544516110955454e-06
51.19639126370248
7642.068584083184
4242.110407064968
95.01526727100807
0.6713850075288528
-1
-0.11567685546875002
0.27847186323447476
0.02930831203441204
0.1754243884181181
0.0641685769534393
0.0026682498701171907
1.6173991426937633e-05
18.851409927476528
7260.7842101506685
4682.663544190533
134.1174070322766
0.7374286545849997
-1
-0.1148471679687502
0.2830406163916094
0.027505834372808558
0.1812223868699121
0.066925386378033
0.00288476873925782
1.4779536023416292e-05
20.793037189120263
7747.254616471369
4592.621341639654
154.5965853909257
0.6996109890087502
-1
-0.11487416992187456
0.2043290335588159
0.005477469563287645
0.13822814652649926
0.028555673359825683
0.0015858654208984395
1.1350697162033074e-05
31.11246710876147
7422.460933785349
4335.854125658979
103.4039092094527
0.6808930016217281
-1
-0.11532397460937491
0.1907926454162292
0.004032420121284915
0.12989153526102912
0.023103342518115234
0.0016912537001953034
8.575261576403106e-06
47.029590621782376
7697.280747157635
4508.38251383194
116.43567682035629
0.6916318469412744
-1
-0.1175395507812493
0.1686392825446902
0.002146048160248707
0.12003664202271637
0.014624375700174297
0.0011428105791015625
8.550205812526831e-06
50.646737805646026
6890.825836148837
4017.6767875506034
84.36687515805636
0.6863758428277881
-1
-0.11781889648437383
0.15468676941115397
0.0013460920949661895
0.11400873501026074
0.010047194847749085
0.0011182030361328102
6.897857567120267e-06
69.73222247585184
7805.450832868611
4450.167383624368
98.07976173426218
0.6828303601032026
-1
-0.1169010253906249
0.18777910411800475
0.003611619413892551
0.12900854364788655
0.02159619670777189
0.0012264141474609357
1.0822576601612083e-05
35.59885814299305
7200.2751764936
4118.324813947823
93.38107081773445
0.6813903281562137
-1
-0.11720039062499946
0.16630607929874094
0.0018766740995767247
0.1208057564253646
0.013922460256695876
0.0011140298691406248
8.373364559878612e-06
51.704691263985
7635.3745716083395
4211.562475700887
96.36579904344315
0.6687532579043609
-1
-0.11559516601562529
0.2756451074191941
0.03388527827847946
0.17453535444244253
0.06262104050595635
0.0026627691367187402
1.561992345319319e-05
19.645914987958722
7316.937436918011
4682.737311534584
135.65855712547608
0.733944735479947
-1
-0.11424638671874995
0.28303587725321777
0.028449911567970703
0.18095046086311734
0.06706034536513668
0.00291108460839845
1.447376042785459e-05
20.961463496915428
7690.312095756887
4570.45311670052
153.1813292395977
0.6996424594189826
-1
-0.11440307617187431
0.20745455486439915
0.0057912018533623315
0.14000247487088294
0.02995079093736039
0.0016161325683593745
1.1661175387005665e-05
29.50415530716299
7384.408943320115
4335.380224306947
103.66337224630067
0.683099023449517
-1
-0.11437641601562351
0.1930171527098962
0.004246487812864426
0.13173334484410643
0.02417483711162356
0.0017375795546875003
8.592444462851104e-06
45.67194406404296
7642.155569322075
4487.526368209804
116.83472464034446
0.6923336564771219
-1
-0.11740263671875
0.17497490193909
0.0026428530020378887
0.12172621044571097
0.016833659156092664
0.0012133423476562502
9.071485779214802e-06
46.479915168773
6834.939578972203
4029.8907322369664
85.53171427409876
0.6904294970090784
-1
-0.11654707031249804
0.15771244136134716
0.001562933564681004
0.11405474792429977
0.011290545857913644
0.0011658599179687483
7.050936533617312e-06
65.40216274037248
7775.722009100967
4444.630383001515
99.30055732331921
0.683093720683332
-1
-0.11642822265624894
0.2015245894580891
0.004636063805486651
0.13878254679773205
0.02705795031433711
0.0013121078603515635
1.2481925618668989e-05
28.903464956467424
7125.881427767813
4101.899495612608
94.20992442736421
0.6815918536437318
-1
-0.11655869140624964
0.18409480775455944
0.0033486437342879864
0.12788967069534038
0.020305961201861518
0.0012529049863281255
1.0157185860799783e-05
38.469897857464595
7508.15105460141
4110.827601453112
98.38039981283252
0.6609148732296878
-1
-0.11315253906250018
0.4961732861438781
0.8265285320205626
0.27225447970589284
0.23339582906723558
0.005002740174804676
4.6336215500497945e-05
4.342576898232504
7144.859766770254
4888.4449033043975
172.7708551384462
0.7648516331795983
-1
-0.1119597167968747
0.45503464223591694
0.38402367629328826
0.27024736442218117
0.19453104603576177
0.004971747558593745
3.166409065119106e-05
6.589098871919329
7582.5635343547765
4729.055199135281
194.1640225669296
0.7217033690801968
-1
-0.1135754394531238
0.2223108176814723
0.00813035379799042
0.14807136769872634
0.036524502634213266
0.001721045758691404
1.3458778286451998e-05
23.594728126922984
7354.893936404269
4234.995737663049
105.73055998335128
0.6720334802577383
-1
-0.11341518554687494
0.20456419341741333
0.005401335994275171
0.13832298897362225
0.028984920195189962
0.001820779541015625
9.796828508936923e-06
36.86887325428463
7621.827387548033
4439.10155292669
118.71605886967647
0.687353792996338
-1
-0.11830498046874964
0.1745707366365972
0.0025793406956888805
0.1219494804219195
0.016479678357926898
0.0011979140517578107
9.090412547463338e-06
47.52573370395547
6860.733215634741
4047.703176441747
85.18390594590524
0.6904844525930743
-1
-0.11714326171874809
0.15729629808302897
0.001503378720429924
0.11473301552529361
0.011020119716300516
0.0011483373417968752
7.080909674590064e-06
66.07794722599294
7758.939490473446
4455.743158438599
98.12411784473471
0.6848830988315985
-1
-0.11830424804687525
0.20792668843530712
0.005422179598908635
0.1423855409586951
0.029239040345251537
0.00133384002246094
1.3392884574319577e-05
27.707504075268908
7070.2580060192995
4102.630219494231
93.50126964853769
0.6839781565532591
-1
-0.11818842773437437
0.19115468813221095
0.003950571440098185
0.13180949968614572
0.02257271252782801
0.0012650963085937433
1.1132036322178512e-05
35.30685303154113
7487.423666524995
4136.886576368631
98.0422050400577
0.66392732577199
-1
-0.10755439453124935
0.531569021950735
1.072062921148228
0.2843471166194537
0.2710109102692738
0.005423141913085945
5.17855633864069e-05
3.4184721231464037
7189.35107153209
4898.235117928128
181.6668601333136
0.7628456924759542
-1
-0.112919482421875
0.49027012409495446
0.510292774321781
0.2860404887457739
0.22762509957647303
0.005350510493164066
3.68716628244679e-05
5.54338364198235
7531.6112841509475
4648.8431325340725
200.40100869497203
0.716457499874552
-1
-0.1149988281250002
0.23452204116664518
0.010432624318633415
0.15510211747140085
0.041777897259235065
0.0017619829609374967
1.5355720662869066e-05
20.484429802891118
7244.598788772253
4223.722950841603
104.41212153257807
0.6766070486417399
-1
-0.11526596679687454
0.20822769085843418
0.0059568295797131215
0.14043282779239236
0.030073996595481503
0.0018155724814452971
1.0426774277534572e-05
35.43730900861692
7568.361972983597
4428.00155944543
117.05238685428698
0.6885140057004475
-1
