-0.09535458984374848
0.12513830668816603
0.000613390375349461
0.0916272751361559
0.006567418671251173
0.0007574070214843743
4.26115852074719e-06
77.78932153651783
7073.286735364566
4210.5187942249395
71.12924725885732
0.6984699403239272
+1
-0.0956630859374977
0.11929895565474459
0.0004609896931605217
0.09063916266058794
0.005081062908001678
0.0007841706181640608
3.952723422460932e-06
86.45206557389142
7994.557329914534
4609.829194502784
85.32651893568749
0.6912013274422651
+1
-0.09481127929687311
0.13025978831232607
0.0007259755281401265
0.09240159058148655
0.007978823360246006
0.0008155275400390622
4.404908519598194e-06
74.11866314956598
7617.282711852922
4609.928832006114
83.27666022266375
0.7161120106624458
+1
-0.09444575195312305
0.12159138253445775
0.0005092860344545051
0.08953360498690804
0.00586475060942529
0.0007627635839843751
4.048277002868206e-06
81.4509271015245
7987.839721590679
4779.66842976706
86.36899408423899
0.7150649486515086
+1
-0.0934549316406236
0.1305080919351254
0.0007294782011434445
0.09312464288894108
0.00829894303442064
0.0010073763798828072
4.018033394567668e-06
78.4836379206311
7550.771510362146
4811.786263027011
89.21458915476941
0.7380217996136208
+1
-0.09446386718749838
0.13256058240597976
0.0008120558428138093
0.09455195601388641
0.008649308133293678
0.001112908933593748
3.936847676431782e-06
82.94610076676368
8103.860854467638
5070.216212119578
103.01605270657463
0.7325594180165825
+1
-0.11505629882812304
0.12915680933069162
0.00049174554065695
0.10858784584707219
0.0034436976457567253
0.0006323106152343772
5.4442224793397875e-06
93.03601574615861
7685.508375099783
4374.577300067609
72.1000818449155
0.6805678869390871
+1
-0.09296225585937282
0.11358958662418568
0.00037918806379770483
0.08786107111605698
0.004260821222900468
0.0007604756630859361
3.6297898590091506e-06
89.8213770314974
7742.7764496815425
4637.873118416356
80.9042135087769
0.7087758516689237
+1
-0.09508901367187292
0.12481685430718391
0.0006093344996634721
0.09086641716916391
0.006537645819037842
0.0007487672910156268
4.248648281874586e-06
77.92467306874838
7076.052916149512
4201.682100063568
70.92187750780076
0.6976732190329282
+1
-0.09562202148437285
0.11883692275124155
0.0004452447286155519
0.09052485798846933
0.004978886325909974
0.0007769855976562519
3.940420057512394e-06
86.81960128813574
7992.204250108139
4589.627793510044
85.14347487781092
0.6898163511843144
+1
-0.09464155273437416
0.1306772785263263
0.0007383009492670756
0.09223897391801826
0.008119924099742187
0.0008140291884765659
4.422361262400239e-06
73.93548785037966
7606.417518550059
4599.4437412901225
83.27389299388017
0.7161524283971465
+1
-0.09525786132812271
0.12231737323423081
0.0005148988074493278
0.09052432257095391
0.00588776713874313
0.000757961885742189
4.120508732536995e-06
81.61532446081216
7974.553823651513
4779.573896514794
86.12056503236528
0.7163058421800446
+1
-0.09306601562499833
0.1314210076433751
0.0007652781823442657
0.09388326167859752
0.00861061842604015
0.0010221047607421904
4.02060176762366e-06
77.50952936779787
7531.71901465525
4845.109242762709
89.28474497969657
0.7425072604780644
+1
-0.094318652343749
0.13386151819954784
0.0008499573581716285
0.0955998831857581
0.009023338467444842
0.0011292747626953127
3.962355014955031e-06
81.76761591895374
8142.269458868839
5112.368038454248
104.42244676980086
0.7347644585475361
+1
-0.0774422851562488
0.09749973407415834
0.00020388079860792085
0.07396589709181485
0.003509061955225058
0.0006260354628906268
2.636214466829938e-06
84.20679389590633
7714.184939477227
4456.452285082495
71.38913532652371
0.6859534723903858
+1
-0.09254765624999836
0.11384640060049224
0.00038493306409374947
0.08801373374057943
0.004396148908027846
0.0007698654101562501
3.6121368887437497e-06
89.26749098094395
7774.154363973932
4685.068383169599
81.61201615811464
0.7115698315610494
+1
-0.11827226562499919
0.17347129738266626
0.002467606542295985
0.12215721968406763
0.016104748564230706
0.001205240341796876
7.1573592469179915e-06
67.77192350359397
6866.405399146683
4056.0434166418604
85.4219800957918
0.6909043029906777
-1
-0.11889614257812384
0.15936344274884917
0.0015845577192264543
0.11607236361090947
0.011260964016566738
0.0011626469472656214
6.370044731680942e-06
80.90536403873841
7754.145065213243
4428.961489967038
98.62926213069484
0.6821972749485966
-1
-0.11820986328124987
0.19698876623665276
0.004418743838573974
0.1348589056219654
0.024832214756951593
0.001307799692382816
8.598723962147985e-06
52.57598800665415
7142.355858360891
4105.520095648191
94.29515017213917
0.6809456279649694
-1
-0.11819179687499856
0.18810999343178786
0.0033988921606036846
0.1313975503940993
0.021417114537910592
0.0012831333730468739
7.993680772867415e-06
57.567825600616615
7506.152581575278
4099.499777272536
99.0951873360678
0.6588723926803589
-1
-0.11717675781249967
0.4744469256449127
0.5849303468947806
0.2669136313526538
0.21137981396243716
0.004950578149414053
2.2139138486693012e-05
13.347694244530942
7177.663315191607
4814.7279227248255
175.93943484580305
0.7558647891818255
-1
-0.11473310546875008
0.45886161885028937
0.3550319494286979
0.2754375657096751
0.1973999384322684
0.005081351443359357
1.7874964576762097e-05
16.204362234284716
7565.06745310852
4629.642528765661
197.2917221321936
0.7129960636782616
-1
-0.11499106445312424
0.2193165942327688
0.007387853975577165
0.147045893731054
0.03487852665485613
0.0017231803027343829
9.008371980980436e-06
44.2912054954011
7348.297926097167
4215.606553623082
105.81378535028728
0.6704073143660116
-1
-0.11595263671875003
0.20232634119126716
0.005169866969561939
0.13687244262271986
0.02749227677414045
0.0018130941503906289
7.3344559325974865e-06
60.509023256841054
7628.249852805019
4415.926310401127
118.65705756426995
0.684517689782925
-1
-0.11715815429687466
0.17418140617143915
0.00257874084171977
0.1220503792111196
0.016613940365165374
0.0012143758017578092
7.13263497352288e-06
66.29540856552022
6822.425006154394
4043.235087027953
84.96363892381426
0.6920506561359956
-1
-0.11680996093749933
0.15799142208716657
0.0015331203863769931
0.11480660001886071
0.011317275080227026
0.0011672938222656202
6.178081778529907e-06
80.263636381149
7736.9558009444445
4400.0058036329965
98.35660622329
0.6796083707906599
-1
-0.1176712890624996
0.21186038136331117
0.005735965880881036
0.14534982822294373
0.03103980453723158
0.0013911635371093773
9.536430973047639e-06
44.99684594087918
7058.249733848759
4066.4917744340364
94.66378615423056
0.679138078717788
-1
-0.11721040039062462
0.20159702671825738
0.004868669110138081
0.13863704848455932
0.026904396913165405
0.0013591757744140657
8.774466573133986e-06
49.31956950539609
7410.769610220959
4049.333751192231
99.29411832053763
0.6562381217891332
-1
0.1290267578124999
0.5936098712110683
1.043988406673132
0.36332722819821783
0.3357411685793614
0.005640680214843763
4.0260613389773325e-05
19.89628748228229
7238.590389519683
4756.594413928305
194.57190257080651
0.7482601331010675
-1
-0.11577714843750009
0.4960007676641639
0.41064785412269755
0.2977811755396482
0.2326237720057351
0.005541557514648415
1.99558457688542e-05
14.226685195749933
7607.174985819585
4645.827701426987
206.94500934553787
0.7117027647238074
-1
-0.1155348144531237
0.22917609084552285
0.008945805537292082
0.15288474563934856
0.03917530012096607
0.00179144782714843
9.656701857629881e-06
40.700229015832825
7231.992473399578
4189.38906030352
104.87305566205448
0.6730196785647414
-1
-0.1146183593749995
0.20992772961225847
0.005911320981232816
0.14275762331128655
0.030933793793490028
0.0018698441123046893
7.677801734815199e-06
54.841139576328864
7543.865395369461
4387.220752252604
118.42684480031744
0.6855735557088362
-1
